241.15428043957922
313.2797609796173
309.0389738732915
408.9185586661912
668.2898498676165
1155.7724173360245
0.0
457.46475225654046
543.2608520877787
561.5412274102582
529.072617968432
706.9003025343661
1287.8313949766296
0.0
651.8469421930256
817.3742478487816
823.2762016951029
675.3030304305339
580.9750215625581
1116.392853037659
0.0
693.8835585367933
914.5924499119111
954.8659093124979
776.7135946190931
314.7835895618021
727.7392433421292
0.0
571.4640043434512
851.7737575546244
977.009095345941
963.8377953888817
800.7538027989638
1069.8569107087928
0.0
383.28633650464644
673.4412986836893
907.8440806814947
998.0200406995891
990.691806245952
1237.1884065115387
0.0
0.0
0.0
0.0
0.0
0.0
0.0
0.0
