2.828865509109158793e+01
4.713726670889423076e+01
1.796658208504579193e+02
3.211771859784020080e+02
3.149558105589183015e+02
2.573424504179022279e+02
0.000000000000000000e+00
1.594204210479302617e+02
3.651436190452818664e+02
5.526214457657556522e+02
8.047413854062699556e+02
8.423517575687471890e+02
8.317413812841023173e+02
0.000000000000000000e+00
1.850103028648807140e+02
5.525979119326359523e+02
8.508183280932287289e+02
1.276278509802548342e+03
1.529708575101017686e+03
1.587990035560008664e+03
0.000000000000000000e+00
1.374235499101813502e+02
5.482826246064531688e+02
9.306164659629237121e+02
1.508257792709769774e+03
1.901606531248637793e+03
1.958361892736380014e+03
0.000000000000000000e+00
1.036798086356777731e+02
4.485838113562243734e+02
8.297095547837500362e+02
1.352721802833654465e+03
1.743904210485968406e+03
1.772412239142415729e+03
0.000000000000000000e+00
2.386310926287779210e+01
2.131492107370176257e+02
4.761776393438977379e+02
8.148471217803162290e+02
1.181701674898191413e+03
1.221790430316744278e+03
0.000000000000000000e+00
0.000000000000000000e+00
0.000000000000000000e+00
0.000000000000000000e+00
0.000000000000000000e+00
0.000000000000000000e+00
0.000000000000000000e+00
0.000000000000000000e+00
